Step Count, Velocity (km/h), Distance (m), Cadence (spm), Stride Length (m), Swing Ratio (%), Stride Time (s), Heel (%), Mid (%), Toe (%), Foot Progress Angle, Didim
1,1.754866,0.816500,71.641785,0.816500,34.328358,1.675000,22.386318,37.658768,39.954903,INTOE,NEUTRAL
2,2.271327,1.794433,77.419350,0.977933,37.096771,1.550000,17.837961,37.950253,44.211788,NORMALTOE,NEUTRAL
3,1.773096,2.422404,94.117645,0.627971,27.450981,1.275000,23.603632,34.276184,42.120197,NORMALTOE,NEUTRAL
4,1.712772,3.112271,82.758621,0.689866,25.862068,1.450000,26.500156,38.129013,35.370838,NORMALTOE,NEUTRAL
5,2.437267,4.212426,73.846153,1.100155,35.384613,1.625000,24.447308,40.325375,35.227318,INTOE,NEUTRAL
6,2.397666,5.161502,84.210526,0.949076,36.842106,1.425000,33.019741,42.913425,24.066833,NORMALTOE,NEUTRAL
7,2.723029,6.296098,80.000000,1.134596,38.333332,1.500000,28.577465,43.159561,28.262970,NORMALTOE,NEUTRAL
8,2.760287,7.350374,87.272728,1.054276,36.363636,1.375000,30.397247,37.801167,31.801594,NORMALTOE,NEUTRAL
9,2.557194,8.380355,82.758621,1.029981,36.206898,1.450000,28.608263,45.624199,25.767548,NORMALTOE,NEUTRAL
10,2.745176,9.466988,84.210526,1.086632,35.087715,1.425000,30.372381,36.610554,33.017056,NORMALTOE,NEUTRAL
11,2.509462,10.460317,84.210526,0.993329,35.087715,1.425000,29.184937,37.445301,33.369751,NORMALTOE,NEUTRAL
12,2.939123,11.623720,84.210526,1.163403,36.842106,1.425000,30.340199,36.815033,32.844769,NORMALTOE,NEUTRAL
13,2.403628,12.558464,85.714287,0.934744,32.142860,1.400000,26.261732,38.488758,35.249508,NORMALTOE,NEUTRAL
14,2.561979,13.572580,84.210526,1.014117,33.333332,1.425000,30.065962,45.521820,24.412237,NORMALTOE,NEUTRAL
15,2.573427,14.591228,84.210526,1.018648,35.087715,1.425000,29.324326,38.206314,32.469364,NORMALTOE,NEUTRAL
16,2.618016,15.645707,82.758621,1.054479,32.758621,1.450000,33.156891,45.027130,21.815979,NORMALTOE,NEUTRAL
17,2.839199,16.769556,84.210526,1.123850,35.087715,1.425000,32.355518,47.170589,20.473879,NORMALTOE,OUTSIDE
18,3.198704,18.013496,85.714287,1.243941,37.500004,1.400000,35.911709,45.376354,18.711926,NORMALTOE,BACK
19,2.992867,19.156605,87.272728,1.143109,36.363636,1.375000,31.619484,38.939976,29.440542,NORMALTOE,NEUTRAL
20,2.697557,20.243120,82.758621,1.086516,36.206898,1.450000,28.173744,42.754303,29.071960,NORMALTOE,NEUTRAL
21,2.512817,21.272676,81.355934,1.029557,35.593224,1.475000,23.340263,44.807056,31.852699,NORMALTOE,NEUTRAL
22,2.497154,22.295816,81.355934,1.023140,35.593224,1.475000,25.008467,41.833767,33.157768,NORMALTOE,NEUTRAL
23,2.431571,23.325857,78.688522,1.030040,36.065575,1.525000,27.972401,42.547829,29.479774,NORMALTOE,NEUTRAL
24,2.490721,24.363657,80.000000,1.037800,36.666668,1.500000,21.566109,38.121464,40.312420,NORMALTOE,NEUTRAL
25,2.502288,25.406277,80.000000,1.042620,35.000004,1.500000,24.655336,41.273369,34.071304,INTOE,NEUTRAL
26,2.535863,26.445276,81.355934,1.038999,33.898308,1.475000,29.733202,41.316711,28.950083,NORMALTOE,NEUTRAL
27,2.568254,27.497547,81.355934,1.052271,33.898308,1.475000,25.792439,40.697781,33.509769,NORMALTOE,NEUTRAL
28,2.634156,28.540234,84.210526,1.042687,36.842106,1.425000,29.126865,38.638554,32.234589,NORMALTOE,NEUTRAL
29,2.732331,29.640757,82.758621,1.100522,37.931034,1.450000,27.096006,36.217857,36.686142,INTOE,NEUTRAL
30,2.861255,30.773336,84.210526,1.132580,35.087715,1.425000,33.816467,40.265175,25.918352,NORMALTOE,NEUTRAL
31,2.895473,31.919462,84.210526,1.146125,35.087715,1.425000,27.796921,43.541702,28.661377,NORMALTOE,NEUTRAL
32,2.619374,32.992680,81.355934,1.073216,35.593224,1.475000,28.288639,45.049103,26.662264,NORMALTOE,NEUTRAL
33,2.789185,34.038624,88.888885,1.045944,35.185184,1.350000,34.251240,35.375603,30.373165,NORMALTOE,NEUTRAL
34,2.776850,35.137794,84.210526,1.099170,35.087715,1.425000,26.451853,44.981468,28.566679,NORMALTOE,NEUTRAL
35,2.723199,36.196815,85.714287,1.059022,35.714287,1.400000,26.554691,37.987831,35.457466,NORMALTOE,NEUTRAL
36,2.681714,37.239704,85.714287,1.042889,33.928570,1.400000,25.435326,44.784367,29.780304,NORMALTOE,NEUTRAL
37,2.704110,38.347637,81.355934,1.107934,37.288136,1.475000,34.161388,42.717415,23.121204,NORMALTOE,NEUTRAL
38,2.878722,39.467140,85.714287,1.119503,35.714287,1.400000,28.442966,38.686783,32.870247,NORMALTOE,NEUTRAL
39,2.768572,40.543808,85.714287,1.076667,35.714287,1.400000,29.235872,35.584984,35.179134,NORMALTOE,NEUTRAL
40,2.694447,41.629070,82.758621,1.085264,36.206898,1.450000,26.511585,38.038712,35.449711,NORMALTOE,NEUTRAL
41,2.678651,42.689369,84.210526,1.060299,35.087715,1.425000,31.676176,42.252953,26.070885,NORMALTOE,NEUTRAL
42,2.867538,43.804523,85.714287,1.115154,35.714287,1.400000,33.530376,39.448586,27.021030,NORMALTOE,NEUTRAL
43,3.215332,45.054932,85.714287,1.250407,37.500004,1.400000,29.326784,44.721260,25.951979,NORMALTOE,NEUTRAL
44,3.039327,46.194679,88.888885,1.139748,37.037037,1.350000,29.662874,37.746258,32.590866,NORMALTOE,NEUTRAL
45,2.730070,47.275333,84.210526,1.080653,38.596489,1.425000,28.753916,37.037457,34.208637,NORMALTOE,NEUTRAL
46,2.771433,48.353111,85.714287,1.077780,37.500004,1.400000,26.830875,42.957180,30.211931,NORMALTOE,NEUTRAL
47,3.312842,49.595428,88.888885,1.242316,40.740742,1.350000,33.298130,40.829796,25.872072,NORMALTOE,NEUTRAL
48,2.651300,50.663315,82.758621,1.067885,36.206898,1.450000,20.828884,46.067665,33.103458,NORMALTOE,NEUTRAL
49,2.831274,51.744705,87.272728,1.081390,36.363636,1.375000,30.024067,41.714825,28.261105,NORMALTOE,NEUTRAL
50,2.643016,52.754189,87.272728,1.009485,34.545456,1.375000,32.208321,37.624386,30.167282,NORMALTOE,NEUTRAL
51,2.792781,53.859665,84.210526,1.105476,36.842106,1.425000,25.573359,39.602856,34.823780,NORMALTOE,NEUTRAL
52,2.842171,54.964954,85.714287,1.105289,37.500004,1.400000,21.716427,38.282200,40.001373,INTOE,NEUTRAL
53,2.438525,55.913269,85.714287,0.948315,33.928570,1.400000,25.494844,39.423851,35.081310,NORMALTOE,NEUTRAL
54,2.535329,56.934444,82.758621,1.021174,34.482758,1.450000,29.423719,39.721546,30.854740,NORMALTOE,NEUTRAL
55,2.557333,57.928963,85.714287,0.994518,35.714287,1.400000,32.125221,40.544151,27.330622,NORMALTOE,NEUTRAL
56,2.808229,59.079556,81.355934,1.150594,37.288136,1.475000,27.959621,40.109447,31.930914,NORMALTOE,NEUTRAL
57,2.843577,60.185390,85.714287,1.105836,35.714287,1.400000,30.006132,40.077194,29.916674,NORMALTOE,NEUTRAL
58,2.942193,61.329578,85.714287,1.144186,35.714287,1.400000,32.279129,49.622417,18.098461,INTOE,BACK
59,2.776799,62.409447,85.714287,1.079866,37.500004,1.400000,24.732382,40.967739,34.299870,NORMALTOE,NEUTRAL
60,2.540974,63.415249,84.210526,1.005802,35.087715,1.425000,26.462549,38.505482,35.031963,NORMALTOE,NEUTRAL
61,2.782278,64.535889,82.758621,1.120640,37.931034,1.450000,31.194914,41.250046,27.555040,NORMALTOE,NEUTRAL
62,2.522695,65.534454,84.210526,0.998567,35.087715,1.425000,31.266531,36.086548,32.646908,NORMALTOE,NEUTRAL
63,2.588721,66.595108,81.355934,1.060657,33.898308,1.475000,27.969181,37.705647,34.325157,NORMALTOE,NEUTRAL
64,2.668843,67.670059,82.758621,1.074951,37.931034,1.450000,29.420216,44.675102,25.904686,INTOE,NEUTRAL
65,2.574708,68.689217,84.210526,1.019156,35.087715,1.425000,31.165924,35.512287,33.321804,INTOE,NEUTRAL
66,2.572769,69.743340,81.355934,1.054121,35.593224,1.475000,27.547354,38.626202,33.826454,NORMALTOE,NEUTRAL
67,2.653179,70.811981,82.758621,1.068642,32.758621,1.450000,34.418495,42.777290,22.804216,NORMALTOE,NEUTRAL
68,2.881207,72.012482,80.000000,1.200503,38.333332,1.500000,24.575087,43.830608,31.594318,NORMALTOE,NEUTRAL
69,2.756130,73.065170,87.272728,1.052688,36.363636,1.375000,26.824368,37.498398,35.677238,NORMALTOE,NEUTRAL
70,2.869582,74.201050,84.210526,1.135876,35.087715,1.425000,34.072910,39.695461,26.231640,NORMALTOE,NEUTRAL
71,2.665135,75.255997,84.210526,1.054950,36.842106,1.425000,30.229441,37.785660,31.984896,NORMALTOE,NEUTRAL
72,2.769372,76.352203,84.210526,1.096210,38.596489,1.425000,23.337223,39.124218,37.538559,NORMALTOE,NEUTRAL
73,2.812668,77.465553,84.210526,1.113348,33.333332,1.425000,38.104126,47.025959,14.869928,NORMALTOE,BACK
74,2.740778,78.550446,84.210526,1.084891,36.842106,1.425000,21.697281,42.637276,35.665428,NORMALTOE,NEUTRAL
75,2.612783,79.584671,84.210526,1.034227,35.087715,1.425000,27.771255,46.328121,25.900629,NORMALTOE,NEUTRAL
76,2.450733,80.554756,84.210526,0.970082,33.333332,1.425000,30.245504,40.143032,29.611471,NORMALTOE,NEUTRAL
77,2.698969,81.641838,82.758621,1.087085,36.206898,1.450000,31.708483,41.882793,26.408730,NORMALTOE,NEUTRAL
78,2.865657,82.776161,84.210526,1.134323,36.842106,1.425000,26.845175,41.275070,31.879753,NORMALTOE,NEUTRAL
79,2.615874,83.793442,85.714287,1.017284,35.714287,1.400000,25.483236,39.744617,34.772133,NORMALTOE,NEUTRAL
80,2.842547,84.938354,82.758621,1.144915,39.655170,1.450000,37.768837,34.506287,27.724874,NORMALTOE,NEUTRAL
81,2.936418,86.039513,88.888885,1.101157,37.037037,1.350000,32.352531,40.710403,26.937086,NORMALTOE,NEUTRAL
82,2.714145,87.113861,84.210526,1.074349,35.087715,1.425000,26.498539,42.616009,30.885448,NORMALTOE,NEUTRAL
83,2.991953,88.277397,85.714287,1.163537,37.500004,1.400000,23.309147,40.325005,36.365849,NORMALTOE,NEUTRAL
84,2.084165,89.116852,82.758621,0.839456,36.206898,1.450000,27.128494,36.823677,36.047829,INTOE,NEUTRAL
85,2.202165,90.034424,80.000000,0.917569,30.000002,1.500000,41.124901,34.297737,24.577354,INTOE,NEUTRAL
